1008150
1011530
1011818
1077604
1077708
1152972
1154072
1161102
1161980
1168154
1174015
1193061
1220321
1220322
1227374
1227375
1227375
1265869
1280382
1280395
1280400
1304698
1337029
1360819
1396873
1409670
1409670
1450162
1450164
1457390
1468147
1478211
1478220
1478220
1487455
1512939
1614110
1614113
1632437
1663648
1687224
1687246
1730148
1767688
1767690
1900643
1922208
1929213
1948124
1950303
1979322
1979327
1979330
1979335
1979367
2027475
2027475
2035805
2036090
2038824
2110587
2110588
2113122
2124893
2124893
2128917
2133190
2165582
2165586
2170577
2231127
2239133
2243028
2243030
2243245
2243246
2243255
2243983
2246638
2257772
2265561
2266039
2271200
2295153
2295154
2296259
2296259
2296259
2321285
2323226
2323235
2333789
2335220
2382710
2382712
2418382
2418383
2418388
2432466
2463144
2463150
2477133
2479908
2485513
2511005
2531752
2613450
2634920
2646157
2682953
2748359
2767390
2767478
2818261
2920484
2974841
2977648
3003565
3045260
3054884
3056843
3078322
3078322
3096678
3109269
3178766
3221126
3261006
3285574
3310290
3318905
3398176
3399637
3399637
3410060
3502536
3502537
3520200
3520206
3520211
3522077
3522109
3532205
3537423
3590719
3601978
3603986
3645145
3687816
3706545
3770399
3770400
3819250
3848612
3882310
3903455
4177782
4349019
4367781
4373861
4535998
4687769
4901723
4907198
4907200
5177784
5245565
5648809
8124682
11010524
                  4P8520
 7E0558
                  7С1772
                 6N1030
                 7C6208
                 8N1608
T410927
T420154
4W5699
3135X063
             4115C365
             B3603986
            U5PR0060
            U5PR0062
           U5MB0030
           U5MB0033
           U5ME0034
           U5ME0035
1142A171
1W1700
1W2713
1W5283
1W6005
2W0027
2W0027
2W7213
3142A151
3142A171
3142H071
3142H101
3L1425
4133L507
4N0685
4N6658
4N7253
4P8495
4W5477
4W5479
4W5698
6N0977
6N1025
7E6794
7W4990
7W5435
7W8064
7W8065
8H9789
8N0879
9Y7212
С10
С13
С15
С18
С27
С9
2645K025
4W7018
CTPC9004A
4W7019
253-0615
320-0680
253-0618
С2721WG
341211WG